300.0
Energy [keV]	Rate [cps]
0	0.00000
1	0.00000
2	0.00000
3	0.00000
4	0.00000
5	0.00000
6	0.00000
7	0.00000
8	0.00000
9	0.00000
10	0.00000
11	0.00000
12	0.00000
13	0.00000
14	0.00000
15	0.00000
16	0.00000
17	0.00000
18	0.00000
19	0.00000
20	0.00000
21	0.00000
22	0.00000
23	0.00000
24	0.00000
25	0.02063
26	0.48082
27	0.74369
28	0.96861
29	1.18952
30	1.43029
31	1.81774
32	1.96291
33	2.27424
34	2.75182
35	3.19195
36	3.52649
37	3.99776
38	4.40714
39	4.98875
40	5.44124
41	6.09976
42	6.82613
43	7.87750
44	8.85474
45	9.60538
46	10.71024
47	12.44565
48	13.26374
49	15.08232
50	16.21795
51	17.62441
52	18.72506
53	19.48222
54	19.50509
55	20.06797
56	20.85170
57	22.16322
58	23.42362
59	25.28846
60	27.40853
61	29.75294
62	32.47305
63	35.69456
64	38.73452
65	40.78581
66	42.50177
67	45.49842
68	46.29198
69	48.91122
70	51.12020
71	54.33808
72	57.19521
73	61.89216
74	65.88518
75	71.55705
76	79.09927
77	88.23773
78	99.16688
79	110.22324
80	123.53323
81	138.20634
82	148.63623
83	153.59756
84	152.97914
85	144.51422
86	132.30894
87	116.33798
88	98.89046
89	83.36405
90	72.04047
91	64.14605
92	60.91469
93	58.51775
94	59.37443
95	60.37837
96	59.31558
97	57.98791
98	55.46395
99	51.13835
100	46.67181
101	42.06283
102	37.48688
103	33.79608
104	30.50246
105	28.79162
106	27.17511
107	26.13598
108	25.40747
109	24.81070
110	25.21775
111	25.18337
112	24.61618
113	25.30244
114	25.35846
115	25.35912
116	26.55477
117	26.30010
118	26.34195
119	26.91090
120	27.57852
121	27.95476
122	27.94999
123	28.55639
124	28.56417
125	28.47983
126	27.84755
127	28.24253
128	27.77374
129	27.94521
130	27.80403
131	28.00382
132	28.05329
133	27.76892
134	28.68945
135	28.93721
136	29.72402
137	30.50673
138	30.93916
139	31.89991
140	32.49441
141	33.37249
142	35.14082
143	35.43942
144	35.74332
145	37.29436
146	37.81505
147	38.02743
148	37.79979
149	38.63755
150	39.53078
151	39.10647
152	39.28568
153	39.51885
154	38.93555
155	38.35666
156	36.97938
157	35.43270
158	34.62686
159	33.88905
160	31.82762
161	30.24350
162	28.98156
163	27.51576
164	26.20434
165	24.72899
166	23.83359
167	22.98007
168	22.32366
169	21.32045
170	20.81222
171	20.78242
172	19.86649
173	19.54774
174	19.60129
175	19.22195
176	18.98217
177	19.03248
178	18.26390
179	18.85237
180	18.58493
181	17.56414
182	17.90357
183	17.56978
184	17.57210
185	17.04299
186	16.68424
187	16.91681
188	16.50429
189	16.77219
190	16.44094
191	16.09576
192	15.75949
193	15.80514
194	15.54878
195	15.55362
196	15.18090
197	14.93777
198	14.93367
199	14.39436
200	15.11794
201	14.45137
202	13.89310
203	13.79155
204	14.17725
205	13.89595
206	13.64747
207	13.80153
208	13.85810
209	13.47218
210	13.24906
211	13.06764
212	13.21704
213	13.25604
214	12.57308
215	12.67264
216	12.79647
217	12.62313
218	12.78187
219	12.63166
220	12.16302
221	12.71558
222	12.34013
223	12.77363
224	12.41703
225	12.15680
226	12.25593
227	11.89736
228	12.40445
229	11.80341
230	11.56584
231	11.88131
232	11.62451
233	11.79060
234	11.83163
235	11.66670
236	11.74316
237	11.81794
238	11.66797
239	11.89130
240	11.58835
241	11.46913
242	11.20194
243	10.98353
244	11.15376
245	11.22519
246	11.03954
247	11.34544
248	11.28494
249	11.03836
250	11.64965
251	11.98154
252	12.17234
253	12.94212
254	13.39293
255	14.27261
256	14.69567
257	15.35778
258	16.21800
259	16.98594
260	17.53157
261	18.99251
262	19.01702
263	19.83293
264	20.62026
265	20.88497
266	21.29055
267	21.88294
268	22.27065
269	21.74133
270	21.46188
271	21.15399
272	21.04823
273	21.18300
274	20.32225
275	19.65753
276	18.99749
277	18.49936
278	17.35637
279	16.52102
280	15.84584
281	14.80007
282	14.07334
283	13.33199
284	12.37965
285	11.73110
286	10.84304
287	9.86961
288	9.66881
289	9.19236
290	8.44816
291	7.90856
292	7.80116
293	7.18222
294	6.82841
295	6.61537
296	6.58999
297	6.45272
298	6.36231
299	6.09830
300	6.00751
301	5.78984
302	5.69590
303	5.76014
304	5.46786
305	5.68779
306	5.73180
307	5.70858
308	5.70387
309	5.39797
310	5.86127
311	6.06243
312	6.11663
313	6.09065
314	6.02912
315	6.16039
316	6.13363
317	6.18576
318	6.33803
319	6.36197
320	6.54316
321	6.49389
322	6.72176
323	6.86783
324	6.88615
325	6.97772
326	7.31869
327	7.41186
328	7.50715
329	7.35196
330	7.71633
331	7.83687
332	8.18574
333	8.18910
334	8.27513
335	8.36190
336	8.33091
337	8.67675
338	8.87629
339	8.80639
340	8.93192
341	9.09803
342	9.18904
343	9.13421
344	9.07659
345	9.43361
346	9.40275
347	9.35205
348	9.10160
349	9.31474
350	9.19538
351	9.09918
352	8.80734
353	8.70147
354	8.62247
355	8.46720
356	8.31305
357	8.14056
358	7.88162
359	7.70492
360	7.39266
361	7.02568
362	6.92090
363	6.69638
364	6.29252
365	6.08201
366	5.95813
367	5.55843
368	5.41589
369	5.32033
370	4.87580
371	4.67988
372	4.33320
373	4.26680
374	4.24605
375	4.15834
376	4.09429
377	3.96451
378	3.78721
379	3.89572
380	3.74230
381	3.72356
382	4.05394
383	3.95695
384	3.90605
385	3.90388
386	3.97155
387	3.95781
388	4.23205
389	3.93065
390	4.20292
391	4.10129
392	4.76091
393	4.59736
394	4.57016
395	4.36507
396	4.69603
397	4.79296
398	4.92331
399	4.71658
400	4.77736
401	4.90207
402	4.92601
403	5.02104
404	4.97870
405	4.74004
406	4.88920
407	4.65943
408	4.68001
409	4.55913
410	4.56362
411	4.52243
412	4.27884
413	4.26026
414	4.37654
415	4.50315
416	4.08525
417	3.79117
418	3.81687
419	3.74599
420	3.77714
421	3.46704
422	3.64965
423	3.33266
424	3.13582
425	3.28145
426	2.96913
427	2.87438
428	2.81390
429	2.87575
430	2.80791
431	2.79395
432	2.68478
433	2.52598
434	2.67831
435	2.57884
436	2.66739
437	2.53828
438	2.54193
439	2.52973
440	2.57295
441	2.25139
442	2.35521
443	2.18462
444	2.23450
445	2.28915
446	2.29405
447	2.08231
448	2.22551
449	2.20540
450	2.17545
451	2.09905
452	1.98021
453	2.18628
454	2.12704
455	1.99243
456	2.15036
457	1.97365
458	2.03420
459	2.02891
460	1.91984
461	1.90500
462	1.97723
463	1.83478
464	1.92002
465	1.74905
466	1.74668
467	1.75217
468	1.82044
469	1.68610
470	1.72780
471	1.80085
472	1.74627
473	1.68452
474	1.58071
475	1.67577
476	1.61950
477	1.67840
478	1.63202
479	1.58197
480	1.64239
481	1.78069
482	1.59150
483	1.59368
484	1.45031
485	1.64033
486	1.66578
487	1.52739
488	1.62484
489	1.53159
490	1.74068
491	1.48144
492	1.60408
493	1.50645
494	1.58751
495	1.79853
496	1.58672
497	1.65880
498	1.65247
499	1.60364
500	1.57454
501	1.61372
502	1.56250
503	1.45674
504	1.50262
505	1.72740
506	1.63767
507	1.49555
508	1.66250
509	1.53536
510	1.55891
511	1.66939
512	1.58499
513	1.67393
514	1.60496
515	1.70449
516	1.48856
517	1.62870
518	1.46460
519	1.49651
520	1.47821
521	1.57767
522	1.61460
523	1.40437
524	1.46601
525	1.48748
526	1.46057
527	1.47795
528	1.48626
529	1.45766
530	1.42557
531	1.37040
532	1.39250
533	1.43790
534	1.26249
535	1.40254
536	1.35154
537	1.47319
538	1.38294
539	1.47426
540	1.37614
541	1.43407
542	1.29654
543	1.29026
544	1.28929
545	1.25221
546	1.25275
547	1.29482
548	1.25479
549	1.42534
550	1.36031
551	1.30515
552	1.16521
553	1.28413
554	1.29891
555	1.27440
556	1.31706
557	1.29177
558	1.19196
559	1.30315
560	1.25855
561	1.34435
562	1.39945
563	1.27937
564	1.42247
565	1.24754
566	1.22861
567	1.40686
568	1.41848
569	1.20144
570	1.23301
571	1.30192
572	1.41765
573	1.39372
574	1.30364
575	1.32293
576	1.46367
577	1.35701
578	1.45890
579	1.32627
580	1.45222
581	1.22496
582	1.49632
583	1.32345
584	1.33074
585	1.36885
586	1.35005
587	1.28277
588	1.25943
589	1.30971
590	1.27092
591	1.37615
592	1.12320
593	1.25775
594	1.20059
595	1.24757
596	1.12487
597	1.01948
598	0.00000
599	0.00000
